force:
  x: -20.920000076293945
  y: -39.7400016784668
  z: -85.95999908447266
torque:
  x: -1.2960000038146973
  y: 0.44699999690055847
  z: -0.4830000102519989
