force:
  x: -17.93272023296612
  y: -37.67492006230029
  z: -76.19268812387656
torque:
  x: -1.3146152324931732
  y: 0.3851487887371482
  z: -0.5010900166372281
