force:
  x: -20.450000762939453
  y: -42.2599983215332
  z: -91.66999816894531
torque:
  x: -1.3229999542236328
  y: 0.3700000047683716
  z: -0.3869999945163727
