force:
  x: -15.564900048264636
  y: -35.107862108739724
  z: -64.71266800279625
torque:
  x: -1.1825567628196314
  y: 0.30475304784645363
  z: -0.3952635202712539
