force:
  x: -16.06999969482422
  y: -37.599998474121094
  z: -59.31999969482422
torque:
  x: -1.2200000286102295
  y: 0.23000000417232513
  z: -0.3869999945163727
