force:
  x: -19.770295733987375
  y: -39.33837973483319
  z: -82.22160246378478
torque:
  x: -1.3230587023557296
  y: 0.39737003108173147
  z: -0.4819643010493569
