force:
  x: -17.49137797997141
  y: -36.58093021090213
  z: -66.55164943368439
torque:
  x: -1.21559622665186
  y: 0.260445675439537
  z: -0.3610275244630178
