force:
  x: -0.0002298596463283095
  y: 1.8414199829101026
  z: 0.00010067700381249491
torque:
  x: 0.04216851760863759
  y: 5.263783870445314e-06
  z: 9.964141743485874e-15
