force:
  x: -15.431223449084149
  y: -36.78527856360448
  z: -58.41174481319556
torque:
  x: -1.2272090050108988
  y: 0.22070910034566052
  z: -0.3871091850099383
