force:
  x: -14.098199210892359
  y: -34.415131675645476
  z: -60.366983365854416
torque:
  x: -1.1896260895613382
  y: 0.20174957032206908
  z: -0.3783969952167153
