force:
  x: -17.229999542236328
  y: -38.119998931884766
  z: -68.11000061035156
torque:
  x: -1.2710000276565552
  y: 0.23499999940395355
  z: -0.32100000977516174
