force:
  x: -15.693965004179617
  y: -35.54556578784854
  z: -64.00254700047299
torque:
  x: -1.1676485458995518
  y: 0.29611937676374805
  z: -0.38358940335036595
