force:
  x: -17.18000030517578
  y: -34.630001068115234
  z: -33.650001525878906
