force:
  x: -18.15999984741211
  y: -37.52000045776367
  z: -74.2300033569336
