force:
  x: -18.81999969482422
  y: -38.40999984741211
  z: -42.88999938964844
