force:
  x: -18.950000762939453
  y: -35.560001373291016
  z: -47.290000915527344
