force:
  x: -15.59000015258789
  y: -36.560001373291016
  z: -26.100000381469727
