force:
  x: -17.719999313354492
  y: -37.119998931884766
  z: -41.810001373291016
