force:
  x: -18.31999969482422
  y: -36.970001220703125
  z: -55.61000061035156
