force:
  x: -19.079999923706055
  y: -37.31999969482422
  z: -42.540000915527344
