force:
  x: -16.229999542236328
  y: -34.939998626708984
  z: -33.41999816894531
