force:
  x: -20.920000076293945
  y: -37.209999084472656
  z: -59.709999084472656
