force:
  x: -20.149999618530273
  y: -37.02000045776367
  z: -58.959999084472656
