force:
  x: -15.430000305175781
  y: -37.7400016784668
  z: -28.469999313354492
